"TRY_P"	"TRY_N"	"TRY_C"	"TRY_CN"	"logHeight"	"TRY_SLA"	"Futterwert"	"Def.phys.num"	"Holz"
"3"	2.141375205	21.018245	436.9	14.31348651	-1.05998407697069	28.53	6	0	0
"17"	1.021517126	16.2	445.65	25.55366269	-1.48627256079573	24.20901431	6	0	0
"63"	1.318050809	14.60481313	432.6	29.86483511	-0.922074214011911	11.98958333	7	0	0
"92"	1.02	16.4	452	31.03690075	-1.7292134211222	8.85	3	0	0
"96"	1.39	18.5	441.12	15.9817323	-1.65186658759973	12.65	NA	0	0
"116"	1.625	17.56666667	445.255	26.32887451	-1.43827441337692	15.50666667	9	0	0
"117"	NA	NA	NA	NA	-2.12026353620009	NA	NA	0	0
"146"	1.282	27.99791639	434.6665969	14.83550142	-0.83392880413332	25.43	7	1	0
"86"	NA	30.34	445.96	14.39501105	-1.99712449919062	25.72	3	2	0
"142"	2.085330722	37.25414944	460.6544963	12.13051683	-1.11970596625117	19.64877049	8	1	0
"4"	2.135	26.95	448.46	NA	-1.32752815025633	22.485	6	2	0
"21"	NA	38.65439	NA	NA	-1.95000945072319	NA	4	0	0
"42"	1.9205	30.11681701	410.5761695	14.2071389	-1.14232536458966	24.78	6	0	0
"50"	NA	NA	NA	NA	-2.70259635041975	NA	5	0	0
"51"	NA	NA	NA	NA	-2.30258509299405	NA	2	0	0
"81"	1.935057257	22.79	419.1	20.09929516	-1.49807273390262	29.03	6	3	0
"82"	1.82	19.9189343	425.7748795	23.8172043	-0.972263989171998	21.42857143	3	2	0
"108"	2.33	20.8	418.6	NA	-2.54147700127639	NA	NA	0	0
"109"	2.070582853	18.68	454.39	24.74547511	-1.86852467578103	16.11923077	7	1	0
"122"	1.51	22.855	445.425	18.91464997	-1.70176737997827	26.47	3	1	0
"125"	2.810116297	23.66666667	431.5661758	17.09371255	-1.69720122114445	20.53691275	2	2	0
"130"	3.075	45.62031	428.95	NA	-0.730433765345962	34.88	NA	0	0
"160"	3.21491273	26.86666667	412.5004274	15.47661008	-1.61552779820338	27.86499727	7	0	0
"45"	NA	NA	NA	NA	NA	NA	4	2	0
"5"	1.73	18.39566667	451.14	24.73617577	-1.52951828925823	17.96439402	8	0	0
"140"	NA	NA	NA	NA	-2.05076573887631	NA	7	0	0
"144"	NA	30.38	NA	NA	-2.93903692357823	NA	NA	0	0
"1"	2.12	22.03433334	442.7333333	20.8389764	-1.8159017899068	13.58064516	6	1	0
"13"	3.042337014	22.544	441.6	14.96533509	-2.61246289152007	31.70311362	3	1	0
"46"	NA	NA	NA	NA	-0.531879032963823	NA	2	3	0
"127"	1.67	21.05	415.45	NA	-1.85878998240016	NA	NA	1	0
"154"	2.38	17.6	457.1666667	22.53050268	-2.20120906587813	28.605	3	2	0
"95"	NA	NA	NA	NA	-0.486783629285753	NA	NA	1	0
"43"	1.77	23.6	431.6	NA	-1.17928019173556	NA	NA	3	0
"113"	1.825	24.085	428.76	NA	-1.96002854624104	18.65	NA	0	0
"68"	1.971735004	26.15	451.15	20.80373832	-1.15441333614673	21.6	3	2	0
"52"	2.0875	23.86233333	451.5683334	18.55262519	-0.986400803983097	26.15055556	8	0	0
"141"	1.8225	33.55	459	NA	-1.47049151992065	17.82	6	1	0
"143"	2.690532797	41.13602266	448.5	11.28655493	-1.49429622428898	24.18218277	9	0	0
"62"	2.775	20.53333333	450.67	21.83044007	-1.10006403494197	15.56869565	9	0	0
"115"	NA	NA	NA	NA	-0.212780764691034	20.695	3	0	0
"53"	1.19822	14.12399176	431.8280071	32.90334855	-0.763753086573598	8.504110997	2	0	0
"147"	1.62333764	24.9869626	423.55	19.8297431	-1.12652086209653	24.97777986	1	0	0
"153"	2.13	34.65	454.4	NA	-0.107214084678207	NA	1	1	0
"110"	1.92	29.7748386	368.8862991	21.27224064	-1.67265464085801	25.34298465	3	0	0
"156"	NA	NA	NA	NA	-1.9082932877312	22.38565222	2	0	0
"7"	1.4915	20.44262192	449.2716667	19.00684932	-1.73074247263597	30.67647059	4	2	0
"118"	2.74	26.85166667	429.9458694	16.25789776	-1.28455371208094	41.12644048	7	0	0
"84"	1.356145602	33.1391486	448.315	13.39967237	-1.0740959120942	21.44776119	8	0	0
"6"	NA	14.8	427	26.23595506	-3.01904540506605	18.4299521	2	1	0
"12"	1.61	21.3	530.4654154	16.93748784	-1.950104118463	25.15	2	1	0
"64"	1.57	20.49	417.345	NA	-1.36479976209394	38.17	4	0	0
"98"	1.8	33.82	454.64	NA	-1.27574731957063	NA	6	0	0
"94"	1.8725	27.75555849	465.3678894	17.07117107	-2.19344838712545	16.17078541	2	0	0
"8"	1.4915	20.44262192	449.2716667	19.00684932	-1.73074247263597	30.67647059	4	2	0
"121"	1.81	25.89	440.225	NA	-2.45923890303942	16.915	3	1	0
"55"	2.95	29.76366667	453.86896	12.059762	-0.52618739726609	24.32373726	6	1	0
"48"	1.4375	15	430.52	NA	-2.09470022148005	12.63	2	4	0
"91"	NA	36.12	NA	NA	-2.35680664950673	NA	NA	3	0
"132"	1.412753769	26.7922635	414.012692	16.50715319	-0.629380441544593	15.245	6	0	0
"136"	0.89	29.525	462.12	16.15804196	-0.726260864753702	41.57	3	0	0
"101"	NA	NA	NA	NA	-2.87431947789856	46.94	3	2	0
"102"	2.401827476	15.9	444.0933491	34.45443386	-2.04108794282306	15.44622498	3	3	0
"137"	1.56	21.06	461.81	NA	-1.76726199762767	27.68	2	0	0
"25"	1.257446685	19.48571429	497.5083334	23.73589356	-2.3038822339177	14.17611217	3	0	0
"9"	1.42	29.88824	NA	NA	-1.79991024674903	18.85	6	1	0
"72"	1.503	35.55	477.8	NA	-1.87518833797949	14.845	6	0	0
"107"	1.57	19.79	436.12	NA	-2.91589470692044	NA	NA	0	0
"126"	2.810116297	23.66666667	431.5661758	17.09371255	-1.69720122114445	20.53691275	2	2	0
"159"	NA	NA	NA	NA	NA	NA	NA	3	1
"150"	1.21	19.43049734	499.8000404	25.24909122	-1.22400545807617	20.42	2	0	1
"41"	2.61	31.78	423.12	NA	-1.51803144676214	10.22	2	4	0
"134"	1.2135	17.35	445.1	27.64058271	-1.63291370515015	12.74916794	3	0	0
"78"	1.67	24.1	424.75	NA	-1.03366760002773	16.55	4	2	0
"34"	NA	NA	NA	NA	-1.57061791898131	21.595	3	1	0
"111"	1.613	21.15	391.25	16.0233943	-1.65324831049586	17.39531596	3	1	0
"99"	NA	NA	NA	NA	-1.7227665953411	NA	NA	0	0
"60"	NA	NA	NA	NA	NA	NA	NA	2	0
"124"	2.3235	19.99171708	428.9347063	21.09090909	-1.85219973091486	23.325	3	1	0
"112"	NA	NA	NA	NA	NA	NA	NA	2	0
"18"	0.9	13.97	519.3315304	33.04373654	-0.46043009016175	8.226666667	2	0	1
"119"	NA	NA	NA	NA	-2.07944154167984	18.39366242	NA	0	1
"40"	1.27	15.48	459.6	33.68844435	-1.86093271412417	NA	NA	0	0
"10"	1.435	17.6	421.135	NA	-1.60598234977379	22.08	2	2	0
"120"	2.5	23.74545578	496	17.10344828	-2.04420754184095	21.9	2	0	0
"58"	NA	NA	NA	NA	-1.46696226418735	NA	2	0	1
"76"	0.96	11.8528502	535.6723826	55.39096324	0.693147180559945	6.074821429	1	4	1
"70"	NA	NA	NA	NA	-1.63475572041839	NA	6	0	0
"23"	1.56	19.93	431.125	NA	-1.14323614486438	15.115	2	4	0
"67"	NA	NA	NA	NA	-3.26267845498928	NA	2	0	0
"162"	NA	NA	NA	NA	-0.105360515657826	NA	NA	0	0
"133"	NA	NA	NA	NA	-1.66449769112656	NA	3	0	0
"65"	NA	13.6	NA	NA	-2.7263160099091	NA	NA	0	0
"61"	0.955	11.9411769	440.75	33.95989154	-1.4446408116902	11.57793422	4	0	0
"36"	NA	NA	NA	NA	-2.48454308388609	17.31005435	NA	0	0
"85"	NA	30.34	445.96	14.39501105	-1.99712449919062	25.72	3	2	0
"128"	NA	35.48157018	406.4747879	11.64677411	-1.26113121934236	18.47	1	0	0
"163"	1.74	21.29	421	21.19499775	-1.53650544269842	22.78	6	0	0
"15"	NA	NA	NA	NA	-2.59738012265343	NA	NA	0	0
"152"	0.942872782	10.8	504.5	51.98590031	-1.69847247468348	8.209536741	2	0	1
"20"	2.05	23.315	424.03	NA	-1.60086366656559	NA	4	2	0
"105"	NA	NA	NA	NA	0.693147180559945	NA	NA	0	1
"161"	NA	NA	NA	NA	-2.52964254362939	25.5	NA	3	0
"83"	3.26	23.26555556	452.2033334	18.41427661	-1.4059588704348	11.94316892	9	0	0
"47"	NA	52.347425	NA	NA	-1.08648610887027	26.32	2	1	0
"11"	3.3	25.47290231	459.9766667	14.62360595	-0.994092707696764	29.24	8	1	0
"80"	NA	NA	NA	NA	NA	NA	7	0	0
"104"	1.655925569	25	477.7416667	18.25946276	-0.999022742065557	14.56865765	6	1	0
"14"	NA	NA	NA	NA	-1.34280924960568	NA	NA	3	0
"44"	1.6	23.55	425.05	NA	-0.554037624855745	18.86	4	3	0
"103"	2.5025	23.02803661	412.7808294	17.97401729	-0.768831220209657	15.39	6	2	0
"114"	NA	NA	NA	NA	-1.67397643357167	NA	NA	0	0
"35"	0.752	14.67	461.6980676	30.34560327	-1.55589714550607	19.35	2	0	0
"37"	1.65	16.80520177	433.2354355	25.55517006	-0.599656837472606	30.15	3	2	0
"139"	NA	NA	NA	NA	-1.6476591252543	NA	2	0	0
"59"	1.91	29	466.5	16.06613118	-1.48126011224658	14.37504492	2	0	0
"39"	1.961100558	25.49641901	450.049486	17.60616993	-1.79357930813083	19.78471458	2	0	0
"164"	NA	NA	NA	NA	-1.70787798524735	NA	6	0	0
"90"	NA	28.3	466.8974292	25.09449805	-1.5293952032221	50.235	NA	0	0
"151"	1.055	18.92	523.35	28.56576825	-0.949909073657544	12.37863582	NA	0	1
"27"	NA	NA	NA	NA	-1.30667020256428	18.39	2	0	0
"38"	0.75	16.5	454.965	28.54545455	-1.16181836350666	21.25	3	0	0
"74"	NA	NA	NA	NA	-1.56353792556823	13.795	2	0	0
"75"	NA	NA	NA	NA	-1.34280924960568	9.97	2	0	0
"89"	NA	NA	NA	NA	-1.79576749062559	34.45	NA	2	0
"73"	1	16.9	434.4	NA	-2.23983124781866	17.07	NA	0	0
"29"	1.039561617	17.25	474.1711372	23.9360676	-1.03354971268377	11.99	5	0	0
"158"	NA	NA	NA	NA	-1.57262393931138	NA	NA	0	0
"106"	NA	NA	NA	NA	0.693147180559945	NA	NA	0	1
"16"	1.5	17.47238333	464.0541667	26.18923387	-1.04400403104756	28.0225187	3	2	0
"56"	0.81	10.99402871	529.3958426	53.15531068	-1.17460138209848	6.586656442	2	0	1
"28"	1	11.8	463	NA	-1.10028034510103	NA	NA	0	0
"93"	NA	NA	NA	NA	-1.83258146374831	NA	NA	2	0
"135"	NA	24.7	450.0739	22.66200321	-1.90923005670146	25.79332873	2	1	0
"87"	NA	NA	NA	NA	-0.819561105415604	NA	NA	2	0
"31"	1.1	16.05	NA	NA	-0.870481195842861	21.7	2	0	0
"32"	NA	NA	NA	NA	-1.68739945390381	27.925	NA	0	0
"33"	NA	NA	NA	NA	-1.31863571264608	25.87	NA	0	0
"97"	NA	NA	NA	NA	-1.05160943507277	NA	NA	0	0
"145"	1.18	NA	NA	NA	-1.13943428318836	NA	NA	0	0
"123"	NA	19.525	NA	NA	-2.07944154167984	23.74	3	0	0
"30"	1.1	16.05	NA	NA	-0.870481195842861	21.7	2	0	0
"77"	1.395	17.08	462.625	NA	-0.973617226309444	23.305	NA	0	0
"54"	1.508655639	23.4	449.8821853	26.55412867	-1.56144436071422	14.55701121	3	0	0
"71"	NA	NA	NA	NA	NA	NA	NA	2	0
"88"	NA	20.33166667	432.7566667	21.28485942	-2.49826087383801	13.495	NA	2	0
"69"	2.27	24.545	467.61	NA	-1.82596279056955	NA	NA	1	0
"129"	NA	NA	NA	NA	-0.850332764720655	NA	NA	0	1
"26"	NA	NA	NA	NA	-1.6274564201186	10.995	2	0	0
"138"	NA	NA	NA	NA	-1.94841327927343	17.26	3	0	0
"24"	NA	14.2	NA	NA	-0.858257700623546	NA	3	0	0
"49"	NA	NA	NA	NA	-1.00006061455126	NA	NA	4	0
